[Move_00:07:04:9F:E7:D7]
gyroGain=0.00157933 -1.08088e-005 7.78989e-006 8.14731e-006 0.00160599 3.93671e-005 1.28366e-005 9.18425e-006 0.00189984
accBias=0.000104227 0.000776126 -0.000107458
accGain=0.00226117 7.8579e-005 -3.33471e-005 -3.97738e-005 0.00226328 1.67576e-006 -8.09679e-006 -2.26443e-005 0.00219951
